1292052
1291546
1292720
1295644
1292063
1292722
1291561
1295124
3541415
3011091
1292001
1292064
3793023
2131459
1291549
1889243
1292213
5912992
25662329
1307914
1291560
1291841
1849031
3319755
6786002
1851857
1296141
1292365
1300267
20495023
1293172
26387939
1291552
1929463
30170448
2129039
1293182
1291858
1291583
1299398
1308807
21937452
1291828
1293839
1298624
21937445
1292000
1295038
26752088
1291548
1299131
1301753
1291572
1900841
1418019
1291571
1293350
1306029
1291818
1292224
1305487
1291843
1309046
1296736
1485260
26580232
3742360
1292402
3442220
1303021
1292849
1292220
3008247
1294408
1292262
27060077
1780330
25958717
1291832
1292223
1293544
1292343
1292679
1787291
2334904
1292656
11525673
1652587
1292370
1294639
1294371
1292215
1302425
1298070
1297192
1418834
1300299
1297359
6985810
1291875
26799731
2149806
3011235
1291999
1297630
25814705
10777687
21318488
1865703
1296339
25814707
3072124
1297052
1292434
4268598
1306249
1291545
3395373
4917726
1297447
5322596
1316510
1305164
2353023
5989818
11026735
1292337
1292274
1293359
21360417
4202302
1291990
3287562
1300992
1291579
1858711
1291585
26325320
1418200
1292208
1291543
10577869
1294240
1417598
1303037
1578507
1297574
1428581
26874505
3792799
6307447
1295399
1307315
1306861
1907966
1295409
26611804
4920389
25917973
1293318
1292401
1793929
25986180
24750126
1292328
2209573
1304447
25773932
1978709
26683290
1291557
1291822
1959195
1291544
10533913
1302467
10463953
26628357
1291870
4848115
6534248
1395091
1309163
1291578
1296996
25895901
10437779
25980443
26430107
1296909
25724855
3011051
1293181
1302827
1293460
1307811
26787574
1862151
1291879
3443389
10808442
1291844
1295865
1293964
27622447
4739952
1937946
1308857
1300374
1292226
26614893
1292329
1438652
1305690
1293908
1292287
3075287
1760622
1308767
1303394
1304102
2363506
1419936
1292528
1428175
1828115
1867345
27059130
2213597
2297265
2222996
25807345
3592854
26393561
6874403
25954475
25921812
1291568
1397546
5964718
5908478
1300117
1291824
1297518
27191492
1292233
27615441
1294638
1309055
1388216
